EDGES
1: 21 79 53 16 86 61
2: 6 62 14 45 15 68 17 72 66 35
3: 35 93 55 50 69 36 92 91 54
4: 86 82 7 76 24 39 36 87 44 8
5: 88 53 97
6: 47 43 3 82 26
7: 82 96 83 60 90 66 34 48 17
8: 17 100 62 73 50
9: 47 1 95 16 29
10: 26 63 51 85 33 1 69 18 77
11: 1 93 78 99 40 15
12: 73 91 19 79 81 59 23 18 94 63
13: 6 78 15 65
14: 63 5
15: 33 44 11 71
16: 83
17: 3 52
18: 94 64 15 46
19: 79 25 47 81
20: 24 52 70 16 69 71 32 27
21: 68 39 97 71 41 31 34 94 27 56
22: 87
23: 48 65
24: 5 72 93 54 21 28 62 92
25: 36 46 31 64 15 89 48 75
26: 62 22 78 44 71
27: 1 84 44 46 90 82 34 51
28: 55 30 46 72 69
29: 6 17
30: 66 4 46 29 58 27 94 60 15
31: 82 40 84 87 89
32: 19 83 98
33: 51 56 90
34: 8 94 66 58 31 29 16 3
35: 92 50 42 96 6
36: 89 93 67 62 18
37: 57 91 68 76 70 25 40
38: 66 33 24 11 81 2 76
39: 15 7 36 59 61 41 73 26
40: 14 80 97 98 70 100 13 49 42
41: 46 48 90 57 1 16 84
42: 20 58 53 32 18 17 38 49
43: 62
44: 42 97 39 52 75 4 74 60
45: 16 96 52
46: 65
47: 49
48: 88 59 23 32 87
49: 33 73 34 65 4
50: 92 16 72 23 41 58 63 75 3
51: 34 46 41 64 50 22 26 6 81 21
52: 37 40 33 61 67 51 2 64
53: 2 7
54: 20 66 65
55: 39
56: 40 85 69 86 23 74 36 2 17 65
57: 31 17 10 80 68 28 46
58: 17 92 76 41 55 100 63 78 87 60
59: 52
60: 63 6 52 19 93 57 17 73 81 61
61: 51 3 64 70 76 2 41 58 23 24
62: 7 87 14 63 17
63: 27 82
64: 93 79 89
65: 70 34 82 86 54 9 26 44
66: 57 4 24 40 26 100 94
67: 11 96 73 1
68: 76 22 79 19
69: 26
70: 67 62 49
71: 64 78 61 11 37 98 85 65 79 29
72: 94 46 5 54 32 68 98 65 58
73: 63 33
74: 91 78 62
75: 60
76: 2 73 68 14 80 27
77: 66 5 54 73 30 13
78: 48 91
79: 56 81 74 8 97 80
80: 62 84 52 14 41 93 38 70 6
81: 36 98 3 69 11 78 70 42
82: 20 86 54
83: 20 25 55 9 47 12 60 89
84: 51 4
85: 3 13 88 19 33 54 72 25 44 31
86: 60 93 48 35 81
87: 57 40 95 88 1 69 99
88: 36 20 18 10 60 54
89: 56 81 5 12 47 74
90: 79 86 58 37 15 2
91: 98 13 82 43 26 73 9 51
92: 34
93: 59 11 27 9 48 41 5 40 79
94: 37 39 7 75 5 32 44
95: 88 20
96: 9 53 48 91 42 99 1 43 63 49
97: 15 14 54 96 66 43 90
98: 94 60 22 58 54
99: 38 83 65 33 92 60 45 19
100: 24 85 14 77 21
PAIRS
44 33
12 73
22 86
46 65
66 4
42 58
5 36
40 27
20 37
17 34
SOLUTIONS
[44, 97, 15, 33]
[12, 73]
[22, 87, 57, 31, 82, 86]
[46, 65]
[66, 4]
[42, 58]
[5, 88, 36]
[40, 14, 63, 27]
[20, 24, 72, 94, 37]
[17, 3, 35, 92, 34]
