EDGES
0: 41 72 96 13 52 85 9 6 19 
1: 2 39 55 38 34 
2: 32 7 49 87 63 
3: 97 46 62 26 9 87 98 75 
4: 66 46 77 69 22 24 88 49 31 
5: 21 79 87 12 78 40 56 
6: 82 73 72 32 90 
7: 6 43 20 51 24 74 15 53 
8: 60 47 30 12 45 
9: 0 72 14 25 36 92 40 76 33 
10: 87 30 8 47 34 39 75 
11: 58 80 93 91 97 
12: 44 67 66 20 55 7 
13: 25 69 66 28 43 99 
14: 79 37 52 45 10 75 31 0 36 20 
15: 89 5 42 90 58 50 8 40 
16: 31 21 36 62 52 51 13 85 43 63 
17: 80 16 3 9 51 2 37 13 94 33 
18: 28 3 43 70 97 11 38 46 
19: 20 43 22 4 93 31 18 87 53 2 
20: 40 46 24 99 19 3 89 
21: 65 6 80 95 52 12 
22: 1 23 30 3 67 61 45 25 
23: 90 20 46 99 82 73 87 
24: 56 8 18 88 59 30 45 0 50 75 
25: 72 95 33 35 31 32 23 
26: 24 60 45 32 42 31 
27: 83 65 16 68 66 21 80 74 29 
28: 98 63 21 41 66 50 
29: 96 88 61 83 71 65 14 64 
30: 80 42 17 82 52 35 33 
31: 37 69 28 13 36 75 63 
32: 71 1 14 10 5 12 8 
33: 25 1 51 63 66 
34: 61 85 37 7 10 29 31 
35: 50 1 7 59 39 55 54 96 48 
36: 78 39 11 82 31 95 48 53 15 
37: 99 87 90 9 68 
38: 78 23 9 90 76 
39: 27 1 8 82 55 60 0 68 6 31 
40: 68 9 46 87 21 47 17 57 
41: 21 79 27 13 46 43 81 94 
42: 85 69 99 5 73 29 97 9 
43: 6 52 49 9 96 29 70 89 
44: 2 5 97 41 88 57 80 
45: 7 99 31 12 15 21 32 79 1 55 
46: 92 63 75 38 43 
47: 2 36 29 75 51 81 71 24 20 
48: 96 28 64 65 63 60 66 
49: 15 19 95 82 52 18 78 
50: 5 54 36 31 9 
51: 91 6 63 46 11 12 3 32 
52: 45 0 79 81 66 
53: 76 40 8 54 47 17 1 25 15 72 
54: 4 39 18 43 8 36 77 34 78 
55: 52 28 31 88 7 
56: 22 83 73 97 61 54 77 39 46 51 
57: 54 26 71 46 50 31 65 
58: 97 68 27 61 76 46 91 57 81 
59: 74 66 64 24 23 31 10 86 81 41 
60: 38 26 93 42 90 43 29 96 58 
61: 96 58 53 91 44 18 11 
62: 51 65 23 3 92 
63: 59 13 4 82 45 78 89 18 1 
64: 58 29 3 11 74 51 
65: 15 20 92 98 85 24 37 
66: 30 18 26 6 61 2 12 
67: 38 61 26 91 48 
68: 16 1 0 70 30 
69: 5 3 37 83 95 62 77 
70: 95 17 13 4 25 
71: 67 19 36 17 49 24 54 0 
72: 42 30 31 89 55 
73: 96 92 93 74 75 10 48 
74: 6 92 45 33 23 80 
75: 63 95 58 57 50 76 90 
76: 0 62 50 71 25 86 26 54 
77: 43 72 53 66 61 
78: 57 84 43 0 48 37 11 19 27 91 
79: 86 75 34 33 73 22 43 40 46 89 
80: 67 70 5 34 45 1 
81: 74 89 91 16 10 48 32 75 
82: 50 98 84 48 13 7 68 
83: 35 13 33 59 87 5 69 54 52 11 
84: 79 65 9 85 41 33 11 
85: 80 57 35 97 81 
86: 93 21 32 65 68 
87: 97 22 89 59 69 14 43 13 21 62 
88: 30 62 26 29 71 43 73 65 
89: 67 22 87 64 9 85 
90: 86 29 48 67 18 45 14 
91: 22 29 84 32 9 61 66 
92: 61 89 10 29 88 52 77 50 94 
93: 14 6 47 16 32 65 90 23 95 94 
94: 4 71 89 58 90 96 3 
95: 7 14 72 93 13 9 54 68 
96: 53 37 8 93 6 34 26 35 29 17 
97: 88 33 18 37 10 12 93 
98: 72 9 35 4 91 67 40 
99: 90 18 36 62 79 97 63 95 94 78 
PAIRS
71 83
63 21
96 52
3 30
51 91
42 7
37 16
62 2
4 72
23 40
SOLUTIONS
[71, 67, 38, 78, 57, 54, 39, 27, 83]
[63, 59, 74, 6, 82, 50, 5, 21]
[96, 53, 76, 0, 41, 79, 86, 93, 14, 52]
[3, 97, 88, 30]
[51, 91]
[42, 85, 80, 70, 95, 7]
[37, 99, 90, 29, 61, 58, 68, 16]
[62, 65, 15, 89, 22, 1, 2]
[4, 66, 18, 28, 98, 72]
[23, 20, 40]
