EDGES
0: 3 19 75 44 77 89 18 39 26 
1: 6 18 59 85 44 21 
2: 13 17 79 97 91 62 90 87 66 72 
3: 80 16 65 22 74 39 52 43 45 
4: 2 88 5 42 50 89 33 59 
5: 81 85 25 14 16 21 
6: 81 90 3 69 2 66 32 
7: 86 64 1 94 47 
8: 15 21 40 38 30 87 27 1 58 19 
9: 7 38 89 90 66 81 
10: 78 21 97 86 24 
11: 87 72 95 14 18 78 46 44 41 8 
12: 98 11 3 35 60 86 76 29 
13: 77 99 0 27 9 43 56 75 25 98 
14: 48 98 54 43 18 91 
15: 75 30 24 72 47 63 19 53 80 
16: 18 96 90 5 87 1 46 23 40 
17: 71 46 44 68 18 93 
18: 23 34 35 28 15 77 73 51 33 7 
19: 57 41 24 91 97 95 51 
20: 78 1 55 33 2 15 42 85 
21: 24 90 95 5 34 85 70 35 91 32 
22: 62 60 44 96 69 17 16 73 
23: 51 73 82 77 60 14 67 88 28 
24: 71 85 40 39 9 14 
25: 83 71 81 36 7 
26: 94 35 71 74 65 
27: 65 40 42 9 52 53 75 46 0 
28: 61 18 41 56 30 1 67 95 
29: 65 2 40 13 49 
30: 41 98 2 13 63 
31: 58 67 27 13 73 85 9 36 1 
32: 2 91 96 42 15 63 0 85 69 22 
33: 84 40 85 61 94 
34: 56 75 43 98 70 20 93 94 85 97 
35: 96 36 43 17 27 77 
36: 88 91 42 98 87 28 
37: 8 34 84 87 97 12 35 20 
38: 68 1 14 59 31 48 24 2 62 35 
39: 41 49 18 5 93 47 54 9 
40: 95 94 47 49 27 13 82 92 
41: 77 52 21 59 88 76 35 
42: 37 58 59 75 96 
43: 66 96 55 77 26 30 70 
44: 58 16 60 83 48 6 8 94 32 
45: 16 70 80 61 47 24 91 42 
46: 12 94 9 78 95 64 42 
47: 17 18 77 9 64 63 1 88 61 5 
48: 64 30 82 17 53 91 18 
49: 43 99 64 90 93 
50: 75 69 90 16 64 53 89 74 80 0 
51: 9 30 46 10 1 86 25 
52: 9 93 74 24 82 48 15 67 
53: 71 89 97 75 60 30 27 47 92 
54: 63 36 19 69 70 
55: 13 72 4 15 89 5 49 86 25 94 
56: 95 25 14 41 35 57 62 50 
57: 41 10 94 68 77 89 99 21 39 4 
58: 87 59 50 36 75 
59: 75 73 49 45 42 74 
60: 18 29 68 11 45 16 
61: 56 14 62 17 70 2 
62: 16 84 10 74 70 13 95 85 32 
63: 51 19 74 24 28 52 
64: 36 46 55 78 29 90 51 73 16 50 
65: 30 70 92 80 25 97 5 21 33 
66: 0 7 10 48 14 75 69 2 96 
67: 96 2 13 82 79 77 
68: 19 29 10 30 4 62 85 9 16 
69: 65 99 88 83 8 14 67 79 45 7 
70: 39 31 18 9 99 0 59 
71: 87 16 74 69 32 
72: 88 55 5 71 89 17 11 
73: 14 40 20 5 57 55 80 89 42 70 
74: 12 86 33 30 90 7 49 
75: 67 30 84 66 29 
76: 63 79 32 29 30 46 8 47 
77: 17 96 68 18 38 20 60 13 
78: 2 82 38 16 54 95 
79: 2 11 48 75 67 21 66 33 6 
80: 86 15 38 3 36 30 
81: 4 35 16 61 87 
82: 63 24 84 1 88 68 26 
83: 77 8 24 60 16 73 37 36 
84: 72 9 29 80 67 7 86 40 48 
85: 91 35 68 34 57 15 33 
86: 78 70 42 12 94 95 81 24 
87: 71 20 73 13 50 
88: 47 33 54 13 87 44 96 73 
89: 65 64 83 43 28 90 74 97 4 22 
90: 71 33 86 42 67 36 96 5 
91: 85 52 29 34 2 35 
92: 53 73 74 43 54 5 29 
93: 30 59 78 48 46 6 60 0 
94: 23 28 37 56 80 53 88 83 96 50 
95: 40 50 24 89 86 96 
96: 0 19 23 34 52 
97: 90 60 63 10 40 5 
98: 58 43 79 84 24 
99: 53 77 8 86 72 90 76 
PAIRS
64 20
56 1
59 96
76 77
22 16
69 72
86 8
92 24
5 43
4 42
SOLUTIONS
[64, 36, 88, 47, 17, 71, 87, 20]
[56, 95, 40, 94, 23, 51, 9, 7, 1]
[59, 75, 67, 96]
[76, 63, 19, 57, 41, 77]
[22, 62, 16]
[69, 65, 30, 98, 58, 50, 90, 33, 84, 72]
[86, 78, 2, 13, 99, 53, 89, 83, 8]
[92, 73, 14, 48, 82, 24]
[5, 81, 35, 43]
[4, 42]
