EDGES
1: 56 96 37 54 85 21 74 
2: 90 100 5 97 63 35 74 
3: 41 84 12 7 42 60 
4: 20 97 36 32 81 61 13 51 71 64 
5: 60 31 85 53 48 40 24 96 78 
6: 82 74 77 80 57 49 39 48 67 96 
7: 85 48 36 79 81 20 
8: 3 78 97 100 96 29 23 65 
9: 14 81 97 89 32 35 83 
10: 49 9 66 15 93 50 89 90 
11: 30 2 83 59 36 5 46 17 58 
12: 41 28 30 99 94 43 70 86 50 
13: 45 70 7 84 57 86 90 52 97 51 
14: 28 31 92 91 96 17 6 58 50 
15: 55 48 77 32 71 
16: 64 95 91 39 70 
17: 16 43 22 100 95 3 88 60 38 
18: 50 14 68 40 43 71 30 29 78 
19: 37 7 53 45 75 85 32 81 
20: 71 51 43 56 96 74 92 26 79 
21: 80 24 2 12 5 30 58 43 97 89 
22: 73 34 91 60 41 51 
23: 44 2 86 45 48 10 
24: 98 84 50 20 52 97 56 
25: 40 50 43 45 10 44 63 11 73 
26: 33 63 86 54 64 3 41 
27: 99 73 26 29 22 84 70 
28: 18 31 89 11 7 34 
29: 72 40 57 80 96 5 11 
30: 21 61 32 23 33 63 
31: 35 46 81 23 84 41 
32: 67 47 51 9 85 41 
33: 66 29 75 17 49 45 76 54 
34: 19 80 64 90 1 
35: 38 84 93 11 65 43 28 89 
36: 97 43 64 46 78 30 25 94 32 49 
37: 86 60 49 59 44 64 
38: 94 42 96 50 13 20 65 
39: 94 59 86 99 77 89 
40: 89 31 48 83 65 92 21 
41: 61 11 73 56 45 
42: 67 38 68 71 36 51 33 
43: 85 66 88 41 33 20 40 18 
44: 34 33 22 35 7 59 84 53 32 
45: 95 97 19 29 61 18 25 31 84 42 
46: 32 72 20 7 26 65 91 62 
47: 98 76 93 72 10 48 31 
48: 6 71 11 74 1 23 42 82 38 
49: 63 70 75 1 28 
50: 67 90 99 45 78 23 36 
51: 17 61 3 70 9 62 10 25 
52: 77 22 58 1 76 17 
53: 63 15 98 80 90 76 62 24 9 78 
54: 16 89 63 58 61 70 62 
55: 43 51 4 40 1 85 53 
56: 72 66 89 87 2 29 27 61 25 
57: 22 34 38 76 94 
58: 19 30 68 17 43 1 
59: 7 21 12 29 46 49 41 
60: 90 44 81 64 12 85 91 79 
61: 76 84 6 94 19 68 95 90 77 
62: 46 37 17 76 93 34 48 71 28 
63: 48 86 39 19 31 33 90 97 92 1 
64: 4 73 78 69 100 49 
65: 18 22 35 59 72 28 29 8 
66: 94 35 17 65 53 
67: 62 59 87 3 91 
68: 52 38 2 1 6 23 48 
69: 32 30 2 52 57 3 
70: 50 36 48 51 2 92 
71: 24 65 56 62 55 20 85 19 73 54 
72: 1 50 80 90 18 17 
73: 87 16 55 78 40 75 85 65 31 43 
74: 5 54 18 90 47 36 2 
75: 46 11 23 92 4 32 26 42 73 
76: 77 98 66 50 17 10 19 65 79 
77: 30 80 72 24 84 91 94 48 52 
78: 37 30 32 43 47 66 52 82 51 
79: 99 64 62 54 95 24 3 73 39 23 
80: 54 20 8 68 94 36 53 48 
81: 60 5 66 40 72 62 31 74 80 
82: 2 13 88 60 3 11 43 
83: 12 99 95 4 36 86 51 11 
84: 62 93 83 66 9 86 14 8 52 
85: 69 14 62 100 23 
86: 36 21 6 33 1 10 7 72 
87: 51 19 3 77 58 72 27 76 
88: 31 44 69 56 78 77 34 61 6 
89: 25 26 64 82 58 59 35 80 
90: 76 50 93 20 51 65 
91: 81 31 83 17 53 45 29 
92: 44 64 1 9 79 4 10 
93: 27 41 17 39 86 49 48 
94: 27 90 12 2 75 44 84 
95: 17 18 98 19 41 22 
96: 22 50 59 24 90 92 47 100 3 
97: 69 43 35 91 44 
98: 64 2 42 41 8 51 49 
99: 41 43 70 61 25 56 98 58 72 5 
100: 6 80 97 64 74 96 13 44 45 
PAIRS
50 72
21 2
78 38
79 75
99 66
98 15
67 41
25 62
46 88
37 73
