EDGES
1: 20 90 60 77 99 
2: 41 43 19 52 5 24 85 
3: 68 93 35 25 71 37 24 78 95 
4: 31 79 90 26 34 
5: 42 34 67 72 2 30 77 6 29 40 
6: 52 10 40 14 94 29 41 
7: 90 46 15 28 74 
8: 53 10 89 75 17 67 
9: 79 70 67 66 63 98 
10: 89 61 100 48 47 16 87 
11: 57 72 79 3 21 54 30 86 44 20 
12: 37 17 42 68 49 10 56 79 35 
13: 97 88 35 78 23 54 44 12 79 
14: 56 55 4 34 31 98 
15: 37 13 68 17 97 60 90 88 9 
16: 26 79 5 78 65 91 46 66 58 
17: 80 7 56 28 72 2 50 74 8 52 
18: 13 79 66 19 35 8 
19: 44 100 98 57 20 7 79 13 76 35 
20: 36 64 71 82 43 72 54 
21: 94 46 13 4 40 50 7 9 95 
22: 34 55 20 70 51 91 15 71 
23: 39 81 61 31 1 89 46 25 
24: 55 62 82 50 89 91 86 
25: 24 43 29 22 47 80 
26: 87 18 31 15 71 11 
27: 64 95 36 10 33 94 
28: 95 8 75 13 29 23 
29: 17 3 55 48 50 73 56 37 61 98 
30: 54 37 19 93 15 4 94 28 62 
31: 56 13 55 60 3 76 57 49 62 
32: 4 92 7 17 61 48 83 84 62 26 
33: 11 86 79 40 87 72 8 4 
34: 68 92 19 64 10 95 62 39 
35: 5 81 94 3 67 39 10 
36: 57 29 50 58 23 38 68 4 75 
37: 70 75 35 44 29 100 56 3 85 57 
38: 13 15 63 14 62 85 57 51 
39: 30 94 54 96 87 24 
40: 46 89 21 80 16 1 13 94 65 
41: 64 78 4 14 9 85 30 
42: 52 45 29 68 51 73 66 78 19 
43: 58 97 91 87 22 
44: 88 11 14 62 43 37 29 27 90 
45: 82 78 54 98 29 31 60 15 
46: 10 36 40 48 91 88 78 
47: 29 66 26 34 48 60 
48: 40 51 54 41 27 19 38 33 25 79 
49: 46 69 19 41 22 
50: 92 30 87 78 97 68 85 
51: 18 19 10 36 82 54 
52: 75 22 70 90 68 99 8 81 
53: 90 27 42 38 17 32 15 
54: 13 57 15 46 29 58 25 12 55 40 
55: 61 41 21 16 58 2 23 
56: 68 3 42 13 84 26 46 
57: 21 85 38 35 94 
58: 67 90 29 60 1 53 
59: 17 48 58 72 4 98 7 29 
60: 82 89 22 46 67 28 71 
61: 66 15 5 63 73 42 94 49 22 
62: 85 12 93 79 30 78 14 16 88 
63: 52 5 95 19 60 61 62 
64: 84 43 66 30 62 11 81 20 90 56 
65: 72 98 13 79 32 68 73 74 
66: 7 16 72 35 37 64 67 44 98 19 
67: 86 61 11 72 54 
68: 5 18 99 11 45 31 37 
69: 20 57 35 49 88 70 
70: 52 43 48 58 93 69 
71: 50 1 96 27 86 68 
72: 5 21 49 47 32 95 43 54 
73: 8 42 14 97 9 95 
74: 37 42 38 86 79 55 73 16 30 28 
75: 47 42 83 67 45 94 2 34 
76: 43 61 49 64 2 45 27 38 100 89 
77: 64 84 69 14 97 
78: 44 30 14 89 79 
79: 27 95 72 7 29 8 3 69 99 
80: 27 53 89 30 52 78 79 31 57 47 
81: 16 22 69 60 33 19 49 89 
82: 90 99 27 81 47 
83: 57 21 17 72 62 36 69 
84: 18 77 60 64 23 10 1 80 63 
85: 24 69 75 72 42 32 
86: 25 2 17 69 58 39 61 31 
87: 39 97 51 11 48 37 54 35 79 47 
88: 27 73 71 58 3 
89: 10 39 2 63 70 73 24 1 72 57 
90: 20 81 15 68 75 
91: 42 7 69 60 5 
92: 13 25 44 70 46 72 56 63 
93: 96 56 47 55 61 
94: 38 45 48 79 70 51 
95: 71 20 100 28 54 60 46 
96: 42 89 48 33 22 
97: 92 35 66 36 41 
98: 59 81 72 66 56 17 61 75 27 
99: 41 25 49 60 87 50 68 96 31 70 
100: 70 17 57 27 37 97 23 65 
PAIRS
76 7
3 5
55 92
16 21
47 71
29 22
11 45
86 69
20 78
37 1
SOLUTIONS
[76, 43, 58, 67, 61, 66, 7]
[3, 68, 5]
[55, 41, 64, 84, 18, 13, 97, 92]
[16, 26, 87, 39, 30, 54, 57, 21]
[47, 34, 19, 44, 88, 27, 95, 71]
[29, 17, 80, 53, 90, 81, 22]
[11, 72, 49, 46, 10, 89, 2, 52, 75, 42, 45]
[86, 25, 24, 62, 85, 69]
[20, 36, 50, 78]
[37, 70, 48, 40, 1]
