EDGES
0: 60 58 21 42 47 2 72 
1: 17 13 40 14 
2: 29 22 50 58 99 78 24 49 82 
3: 32 67 43 51 90 24 39 75 44 
4: 94 17 21 38 74 44 35 77 
5: 72 92 52 67 14 57 
6: 39 5 7 46 9 15 74 57 23 
7: 36 79 27 53 72 39 2 29 
8: 94 7 83 22 33 9 45 54 
9: 68 32 87 41 55 88 42 67 46 99 
10: 77 44 4 54 8 31 
11: 98 20 82 52 88 
12: 92 21 65 42 58 36 96 24 33 
13: 11 23 65 22 88 5 6 83 
14: 28 48 87 53 29 36 
15: 40 58 72 4 78 
16: 42 68 19 87 39 
17: 26 74 24 7 12 29 14 
18: 65 53 19 36 10 30 6 
19: 91 89 55 85 1 
20: 9 15 93 35 26 77 43 82 32 6 
21: 85 84 99 75 4 
22: 76 90 96 29 57 80 68 
23: 75 25 12 6 19 
24: 66 81 84 70 28 61 78 15 
25: 66 28 81 59 68 79 23 58 86 61 
26: 18 22 72 12 67 54 
27: 58 7 73 22 51 37 10 85 39 
28: 9 62 35 98 60 40 
29: 52 6 2 20 90 50 
30: 47 82 36 12 48 
31: 60 62 75 19 14 55 
32: 88 37 98 28 94 0 66 8 90 
33: 37 18 38 56 51 86 32 73 40 71 
34: 38 75 59 25 47 
35: 68 3 2 16 86 57 66 
36: 6 64 77 71 87 53 15 27 96 
37: 89 87 29 56 33 34 
38: 72 33 23 17 40 68 4 
39: 51 52 93 24 15 44 79 4 
40: 20 16 19 63 58 96 37 3 52 59 
41: 92 77 86 99 4 49 43 
42: 83 92 77 79 25 
43: 7 4 44 67 46 57 55 59 30 
44: 62 89 59 49 57 73 0 10 12 42 
45: 35 75 66 23 26 73 
46: 40 49 44 27 
47: 28 36 22 53 45 94 26 63 
48: 74 37 46 11 61 
49: 42 96 54 72 15 37 39 46 
50: 36 31 69 95 51 
51: 89 72 23 39 31 75 93 25 59 
52: 76 81 9 0 7 99 74 8 11 
53: 35 42 24 59 50 74 
54: 4 98 56 57 20 13 16 95 
55: 92 86 15 4 82 3 96 27 99 17 
56: 50 43 18 49 98 40 69 
57: 28 85 42 14 3 82 40 78 93 
58: 70 76 65 42 6 79 4 
59: 73 87 2 78 83 35 98 
60: 68 26 15 9 94 31 
61: 67 58 21 68 69 48 
62: 41 28 83 32 48 31 16 0 8 53 
63: 8 20 89 46 76 68 
64: 0 22 20 40 63 16 10 
65: 92 1 76 7 73 99 68 30 79 
66: 36 74 27 38 1 76 58 19 84 64 
67: 85 70 51 46 89 40 26 10 31 12 
68: 21 49 61 79 55 94 
69: 2 82 27 35 25 51 22 87 8 45 
70: 33 72 84 61 66 56 71 73 87 
71: 30 95 57 84 86 
72: 4 53 19 68 44 5 41 35 17 
73: 35 31 14 9 93 
74: 54 8 47 42 96 51 57 16 73 
75: 77 37 43 71 21 4 
76: 82 51 9 79 31 49 68 38 19 20 
77: 41 74 13 50 0 84 
78: 67 5 49 29 76 33 23 
79: 20 69 13 33 39 49 10 
80: 86 58 64 22 95 83 67 46 76 42 
81: 15 66 12 98 86 
82: 51 11 44 98 55 63 21 
83: 99 43 8 59 75 88 91 3 39 
84: 93 56 41 16 37 50 13 6 
85: 13 54 35 52 76 
86: 44 58 52 81 74 90 6 26 
87: 56 23 34 57 29 75 
88: 7 92 84 4 39 3 15 8 
89: 38 42 43 15 36 25 48 
90: 2 24 40 62 99 15 
91: 52 16 17 49 28 81 53 79 83 99 
92: 78 62 20 29 33 6 0 56 72 36 
93: 80 87 82 15 59 69 53 6 
94: 17 85 60 52 28 10 
95: 2 83 52 93 77 42 97 26 91 55 
96: 17 29 47 4 16 69 50 41 83 56 
97: 51 8 87 24 91 4 11 75 
98: 6 70 28 32 99 64 47 58 
99: 48 33 60 76 61 96 20 
PAIRS
22 36
78 38
85 80
24 26
42 91
6 39
52 58
81 77
20 7
76 82
SOLUTIONS
[22, 90, 2, 29, 50, 36]
[78, 67, 70, 33, 37, 89, 38]
[85, 13, 11, 98, 28, 9, 68, 21, 84, 93, 80]
[24, 66, 74, 54, 4, 94, 17, 26]
[42, 83, 99, 48, 46, 40, 16, 19, 91]
[6, 39]
[52, 0, 60, 15, 58]
[81, 12, 92, 62, 41, 77]
[20, 35, 3, 32, 88, 7]
[76, 82]
