EDGES
1: 11 68 63 55 79 74 
2: 85 71 83 60 33 21 38 
3: 35 97 91 66 37 
4: 21 63 1 7 56 95 38 90 91 
5: 8 73 27 29 11 49 62 51 
6: 43 25 5 95 69 23 21 65 
7: 59 49 92 43 37 97 91 79 
8: 81 22 21 48 23 12 26 
9: 87 99 45 18 17 78 
10: 95 76 7 79 92 41 20 13 88 97 
11: 33 47 100 55 21 96 56 85 73 59 
12: 35 36 90 72 32 39 
13: 4 3 31 91 62 45 94 86 100 
14: 39 51 80 96 43 89 23 
15: 38 91 92 55 29 42 7 94 14 34 
16: 34 84 71 89 50 62 18 
17: 49 55 28 38 71 7 94 
18: 69 75 70 71 35 91 48 
19: 97 38 39 5 40 52 44 79 
20: 13 33 83 14 47 78 
21: 46 99 12 66 73 82 
22: 16 79 7 6 88 44 17 41 
23: 32 19 64 54 14 
24: 49 74 93 10 48 77 37 27 
25: 62 43 45 46 49 59 27 98 12 97 
26: 33 68 63 96 48 78 8 10 21 
27: 19 14 18 41 62 23 30 
28: 67 22 18 13 23 55 44 
29: 60 58 90 89 50 99 97 51 12 3 
30: 2 21 42 49 5 12 
31: 88 6 71 93 32 80 49 97 
32: 11 69 35 49 39 4 33 77 
33: 11 43 41 80 63 42 98 
34: 1 76 62 14 72 19 42 
35: 80 36 32 68 81 88 40 30 19 34 
36: 19 78 39 71 27 2 
37: 28 69 80 15 4 65 
38: 12 22 5 97 62 16 32 28 88 
39: 55 38 2 19 98 78 16 
40: 16 92 22 33 36 78 23 100 
41: 28 10 98 7 18 25 100 30 
42: 45 64 69 98 6 90 
43: 5 14 6 10 20 16 17 22 
44: 88 79 56 73 9 40 3 5 34 
45: 75 29 7 69 90 47 62 81 18 
46: 25 2 70 97 24 9 92 66 10 
47: 11 28 8 40 29 
48: 65 28 59 84 69 
49: 22 83 84 36 46 91 
50: 57 5 38 71 47 58 
51: 69 73 39 55 21 75 91 16 2 
52: 46 7 100 3 37 81 98 
53: 43 19 17 26 83 39 6 41 77 11 
54: 92 51 34 83 10 98 86 1 82 3 
55: 42 9 3 34 58 36 53 46 12 30 
56: 71 94 95 79 58 23 3 55 57 47 
57: 36 31 29 3 6 53 24 77 69 74 
58: 80 21 16 62 86 17 
59: 89 83 29 61 90 
60: 53 67 42 28 64 
61: 88 51 72 62 79 86 45 9 91 
62: 12 74 23 33 49 69 96 
63: 58 40 38 88 23 85 71 
64: 16 61 94 12 92 
65: 55 43 96 39 61 
66: 40 30 54 84 67 7 21 
67: 30 36 34 27 50 60 9 
68: 26 83 18 7 44 36 
69: 60 65 68 51 10 79 84 
70: 30 100 12 78 22 99 54 17 
71: 68 8 22 69 30 54 
72: 38 89 16 32 65 55 6 35 74 
73: 64 57 7 16 78 75 1 25 40 86 
74: 2 58 86 63 100 42 
75: 78 89 32 51 77 
76: 73 97 40 92 44 93 28 
77: 65 87 64 90 17 59 8 
78: 74 14 4 42 96 
79: 22 1 72 18 77 71 54 
80: 41 84 39 72 99 77 
81: 88 39 10 24 55 15 48 
82: 92 73 95 99 83 
83: 91 99 15 7 25 69 
84: 69 29 30 95 42 3 5 6 
85: 33 9 59 18 17 21 
86: 39 56 78 75 28 22 84 
87: 68 99 52 5 54 42 
88: 60 12 42 96 25 19 13 82 
89: 36 2 16 35 79 18 10 
90: 42 81 92 100 85 78 99 63 4 
91: 42 16 29 66 54 3 
92: 16 34 7 31 38 76 
93: 30 79 51 37 22 28 26 57 8 
94: 3 20 26 58 1 
95: 87 48 39 36 20 
96: 40 24 26 52 76 51 43 44 50 1 
97: 22 16 82 52 27 13 65 68 
98: 30 68 25 21 14 50 8 34 1 
99: 29 12 17 51 24 32 65 75 62 
100: 60 35 20 1 27 
PAIRS
40 73
54 68
81 53
75 2
51 80
1 33
83 79
91 21
92 7
58 67
SOLUTIONS
[40, 16, 34, 76, 73]
[54, 10, 95, 87, 68]
[81, 88, 60, 53]
[75, 78, 74, 2]
[51, 69, 65, 55, 42, 45, 29, 90, 100, 35, 80]
[1, 11, 33]
[83, 99, 12, 36, 19, 97, 22, 79]
[91, 66, 30, 21]
[92, 7]
[58, 62, 23, 32, 49, 84, 3, 37, 28, 67]
