EDGES
1: 95
2: 14 30 71 100
3: 40 13 17
4: 42
5: 15 53 72 17
6: 37 84 89 96 81
7: 73 86 28
8: 22
9: 24 95 78 53 72 47 41 59 84 49
10: 53 49 85
11: 81
12: 91 77 88
13: 70 38 81 7 83
14: 26 54 83 55 42 36 22 25
15: 79 87 69 83
16: 97 92 33
17: 18 59 1 70 28 60
18: 55 76 62 81 47 83 6 73 31 56
19: 12 92 83 51
20: 18 29 46 48 47 72 71 23
21: 11 92 3 26
22: 3 82 73 27 24 44
23: 99 29 14
24: 5 45
25: 55
26: 78 15
27: 100 77 56 1 41 51 65 55 84 31
28: 47 11 88
29: 27
30: 94 28
31: 42 50 59 22
32: 5 25 96 1 37 87 62
33: 97 60
34: 12 23 68 94 61
35: 39 93 25 36 69 56 86
36: 95 60 19 14 65 48 73
37: 21 62 50 91 64 78 7 66 19
38: 97 23
39: 58 21
40: 63
41: 37 84 17 25 60 30
42: 78 2 50 94
43: 18 69 94 52 54 6 71 86
44: 33 87 72 77
45: 54 1 6
46: 40 83 93 11 78 19 96 15 31 39
47: 64
48: 65 19 89 31 68
49: 18 7 15 57 39
50: 63 27 83 39 61 69 99 67 76 73
51: 25 23 34 95 15 62 52
52: 69 90 66 75 6 86 43 93
53: 67 89 55 48
54: 62 87 57 18 46 15 21 19 40
55: 31 96 3 18 38 22 58 5 53 90
56: 55 12 73 37 3
57: 26 4
58: 59 68 24 20 81 97 82 50 2
59: 2 96 94 48 36 84 60
60: 73 70 100 3 54 59 38 53 31
61: 54 81 88 94 46 19
62: 79 71
63: 21 23 43 32
64: 92 31
65: 81 17 5 22 56
66: 80 22 5 45 40 20 69 94
67: 36 2 43 74 100 94 45 27 8
68: 28 56 63 99 65 29 2 61
69: 33 62 24 48 52
70: 81 30 40 47 37 97
71: 3 6 38 32 60 45 68
72: 66
73: 16 9 12 45 69
74: 23 12 49 21 79 48 47
75: 38 16 57 88 25 89 35 12
76: 8 16 96 81 83 46
77: 54 61 35
78: 64 73 18 67 55 70 50 71 29
79: 73 94 66 4 29 83 26 82
80: 52 48 51 6
81: 22 16 37 15 69 88
82: 52 12 61 74 42 77
83: 59 41 51 43 54 45 64 87 50
84: 85 25 32 21 30 92 10 95
85: 22
86: 89 92 11 22 29 10 58 27 38
87: 14 64 2 4 15 59 35 44 21
88: 90 49 57 56 78 65 21
89: 69 30 20 28 82 15 23 88 71
90: 23 42 83 4 36 96 75 26
91: 83
92: 89 23
93: 58 46 23 86 85 100
94: 34 15 69
95: 36 21 19 57 70 81 54 83 86
96: 32 11
97: 71 66 77 49
98: 87
99: 16 83 68 49 96 22 84
100: 10 40 47 43 6 18
PAIRS
30 94
90 23
100 2
32 15
74 59
76 63
37 11
57 64
36 89
58 31
SOLUTIONS
[30, 94]
[90, 23]
[100, 10, 53, 67, 2]
[32, 5, 15]
[74, 12, 91, 83, 59]
[76, 8, 22, 3, 40, 63]
[37, 21, 11]
[57, 26, 78, 64]
[36, 95, 19, 92, 89]
[58, 68, 28, 47, 31]
