EDGES
1: 8 19 6 4 5 16 12 10 
2: 9 6 4 19 1 5 
3: 17 4 15 9 10 13 11 1 
4: 15 12 2 8 11 
5: 8 2 4 9 1 
6: 1 3 5 8 14 
7: 17 3 12 8 16 15 10 6 19 
8: 9 11 1 16 
9: 15 7 14 19 11 
10: 15 9 14 4 16 6 11 19 18 3 
11: 16 1 9 17 2 14 15 
12: 18 9 2 1 19 17 4 8 11 
13: 1 2 16 5 17 9 8 19 12 
14: 7 18 10 3 9 16 12 15 6 
15: 16 9 13 7 
16: 2 13 4 3 15 17 18 19 9 6 
17: 4 9 13 18 3 10 1 19 
18: 7 4 11 16 13 9 19 3 2 14 
19: 14 2 9 12 4 
20: 6 3 12 7 19 17 14 
21: 11 7 13 18 3 17 19 4 
22: 4 1 2 16 8 14 9 12 13 
23: 10 14 17 13 4 6 8 19 
24: 15 5 2 13 3 14 19 8 
25: 2 13 10 3 9 18 8 5 16 
26: 8 9 13 1 7 4 14 
27: 13 5 15 18 14 9 
28: 14 19 11 13 2 5 3 12 
29: 17 7 12 1 10 19 5 
30: 18 11 15 7 12 4 16 8 
31: 16 6 2 15 9 1 5 17 
32: 16 10 13 6 5 7 14 18 11 9 
33: 2 10 1 19 16 6 15 17 14 
34: 13 12 19 9 10 4 1 
35: 7 16 18 6 9 15 10 
36: 5 19 14 15 10 
37: 16 15 4 6 10 11 
38: 18 9 14 11 16 1 13 17 2 
39: 6 11 9 1 8 2 19 
40: 10 17 5 9 12 14 
41: 2 7 1 3 4 8 
42: 18 4 10 5 11 3 17 19 6 16 
43: 16 1 9 18 12 14 11 3 
44: 5 15 9 4 8 14 19 6 17 
45: 12 6 5 15 7 16 4 14 
46: 6 18 12 8 19 4 2 13 17 5 
47: 15 5 4 11 3 7 12 1 
48: 13 4 17 8 11 16 12 1 3 15 
49: 15 2 18 14 7 19 4 13 
50: 16 5 4 1 14 17 19 10 7 
51: 11 4 3 7 9 6 10 19 8 
52: 18 8 2 9 19 12 14 11 
53: 2 7 3 11 1 17 
54: 13 10 7 3 16 14 5 15 4 
55: 9 14 2 10 12 
56: 10 3 2 15 19 18 9 
57: 2 4 16 1 9 3 7 
58: 15 19 1 6 12 14 2 13 
59: 4 11 17 13 1 
60: 16 3 11 13 5 6 
61: 9 5 16 2 14 
62: 6 11 8 3 1 9 
63: 1 9 19 12 3 18 
64: 4 9 19 3 7 10 
65: 3 6 18 19 11 2 12 
66: 4 6 15 5 16 1 12 13 10 8 
67: 16 1 2 15 8 13 3 11 6 9 
68: 5 13 17 11 10 12 
69: 10 3 19 2 15 
70: 8 7 14 12 6 1 15 
71: 14 3 12 9 11 2 
72: 6 4 16 18 19 15 
73: 19 15 4 7 14 16 3 17 
74: 6 5 17 16 2 12 14 1 
75: 13 5 11 7 19 15 17 14 18 3 
76: 10 1 12 6 15 7 3 19 14 
77: 19 13 8 11 4 
78: 13 4 1 2 7 12 8 3 16 
79: 3 13 1 8 7 14 
80: 15 3 4 7 14 12 17 
81: 4 7 5 9 6 14 8 11 19 
82: 18 16 3 8 17 
83: 12 13 19 4 17 6 10 16 9 1 
84: 19 5 9 13 12 2 15 
85: 8 16 2 5 18 4 13 17 19 6 
86: 2 10 12 19 6 13 17 18 9 
87: 11 10 1 19 4 2 14 15 8 
88: 7 15 9 10 11 
89: 3 10 16 12 15 9 5 2 
90: 2 19 12 4 10 6 
91: 14 13 16 12 17 9 3 1 4 6 
92: 19 7 5 8 16 2 1 17 4 18 
93: 10 6 16 19 14 11 3 5 15 
94: 1 18 2 15 5 12 
95: 19 16 11 1 18 12 15 
96: 15 1 13 6 16 
97: 16 1 6 8 12 17 18 
98: 7 14 8 15 9 16 19 6 4 2 
99: 4 18 15 6 5 16 11 17 
100: 8 12 9 2 5 1 
PAIRS
1 7
3 57
11 21
… and so on

EDGES
1: 95 93 91 15 36 
2: 95 99 73 48 66 51 96 
3: 77 45 58 36 5 21 29 
4: 99 84 46 73 97 23 53 25 
5: 32 49 67 53 76 74 47 7 56 44 
6: 91 49 17 33 5 
7: 33 60 13 84 42 
8: 79 38 59 42 40 1 7 72 28 22 
9: 47 53 19 40 2 58 96 55 
10: 47 42 76 60 92 
11: 99 35 31 80 95 49 23 
12: 38 49 27 92 60 52 16 
13: 85 60 38 47 6 37 72 65 
14: 56 58 27 88 87 46 48 10 75 6 
15: 2 94 58 48 59 
16: 10 76 71 43 47 45 56 78 
17: 27 63 84 43 78 99 37 68 
18: 61 59 31 21 98 28 2 
19: 83 20 50 9 2 84 
20: 40 6 24 53 70 
21: 37 41 74 96 38 94 12 
22: 86 32 80 78 36 31 68 13 
23: 92 90 21 89 64 36 
24: 56 30 76 25 4 
25: 75 82 83 81 50 90 23 70 31 
26: 57 44 33 49 38 98 73 32 
27: 55 19 2 97 71 100 
28: 15 19 51 74 3 6 
29: 1 40 60 8 53 76 2 17 
30: 25 11 79 96 94 14 75 52 
31: 88 80 61 20 68 
32: 11 85 100 17 24 25 77 29 5 
33: 58 72 60 42 30 55 65 45 100 
34: 46 38 22 36 92 10 90 52 94 
35: 84 47 45 25 72 12 
36: 38 92 20 59 5 31 47 39 98 23 
37: 30 46 63 55 40 93 19 45 72 
38: 36 60 21 86 14 10 1 71 
39: 100 25 60 19 99 
40: 60 29 99 63 50 6 
41: 23 47 9 34 54 
42: 67 89 90 92 36 17 79 80 
43: 1 27 3 62 89 32 45 54 47 
44: 72 36 81 9 11 26 76 40 27 
45: 25 82 88 24 14 8 
46: 86 23 11 65 4 48 
47: 36 78 46 89 7 67 59 100 92 33 
48: 50 67 23 18 31 
49: 12 61 22 4 88 40 
50: 35 19 78 24 12 76 
51: 93 66 71 68 35 19 
52: 100 28 86 38 54 68 65 33 11 1 
53: 97 27 64 58 66 77 94 
54: 72 82 86 81 45 
55: 27 36 44 22 67 8 62 39 42 94 
56: 55 5 26 1 70 20 98 41 
57: 20 22 84 74 77 99 27 
58: 34 5 13 44 6 38 96 
59: 85 86 97 34 55 47 69 96 
60: 41 56 50 17 6 32 14 7 
61: 98 51 19 82 83 10 43 73 
62: 50 96 68 79 100 28 30 20 80 
63: 17 43 78 90 19 70 41 12 37 
64: 44 58 37 87 77 98 34 
65: 2 23 12 11 14 95 7 79 67 
66: 76 19 30 84 98 72 21 68 26 96 
67: 52 6 34 60 75 80 62 40 
68: 44 92 18 87 59 
69: 98 20 49 21 12 30 61 41 
70: 47 62 87 52 96 48 8 79 
71: 22 57 16 10 66 3 88 
72: 77 54 17 95 74 
73: 15 18 52 25 43 3 37 95 34 
74: 37 31 75 60 81 44 34 
75: 83 68 31 87 49 85 53 12 28 
76: 12 67 46 56 31 50 62 87 55 
77: 57 86 80 74 89 20 41 70 
78: 83 16 88 70 25 64 93 86 56 
79: 88 63 42 66 93 32 26 
80: 73 20 21 25 11 37 36 54 75 
81: 41 1 7 21 2 
82: 97 20 16 67 85 63 91 2 46 
83: 13 56 43 73 67 91 62 89 
84: 87 9 89 39 61 18 
85: 49 78 90 4 16 
86: 85 58 22 57 42 94 38 78 
87: 21 78 14 96 67 54 72 15 42 
88: 70 3 49 55 34 
89: 81 30 70 14 33 72 66 27 
90: 72 81 58 79 3 
91: 84 62 44 70 18 60 64 13 
92: 15 82 9 79 94 67 1 69 
93: 60 84 37 12 21 52 73 
94: 80 98 39 73 87 53 
95: 15 13 58 18 91 78 
96: 9 30 100 77 50 14 26 64 97 
97: 58 72 79 49 98 1 25 60 40 
98: 97 34 25 90 82 76 75 35 
99: 75 47 43 28 100 91 90 14 70 
100: 14 98 8 84 81 50 62 59 13 
PAIRS
71 22
53 55
48 49
14 3
70 92
12 80
66 52
42 16
59 95
