EDGES
1: 45 31 16 100 28 30 
2: 37 3 19 58 30 53 50 36 71 
3: 51 58 96 74 70 84 2 54 29 
4: 90 57 82 32 22 27 
5: 45 81 98 77 12 74 88 67 89 64 
6: 85 20 77 59 17 51 70 36 11 73 
7: 76 98 5 58 84 41 87 
8: 90 47 60 68 27 21 53 17 5 86 
9: 82 33 2 92 90 37 91 42 
10: 86 49 34 2 14 51 50 44 37 
11: 33 79 88 41 76 58 86 
12: 91 18 89 59 80 3 
13: 9 67 84 52 86 20 98 76 7 
14: 50 16 57 42 96 54 55 24 
15: 27 10 6 90 21 80 
16: 78 91 45 70 44 37 96 66 15 
17: 96 67 18 69 77 98 33 87 91 
18: 9 20 37 99 1 100 
19: 12 94 20 68 49 9 76 31 80 60 
20: 67 35 19 34 77 83 54 85 4 29 
21: 23 80 17 9 8 35 89 
22: 42 77 41 89 38 6 57 100 39 55 
23: 90 40 78 42 27 
24: 52 56 82 51 21 25 80 
25: 69 7 71 89 65 33 
26: 83 75 13 99 19 95 69 23 
27: 76 9 12 4 86 85 48 
28: 62 34 22 69 98 
29: 85 67 27 88 5 50 19 99 90 
30: 89 3 87 14 72 53 12 76 
31: 11 59 39 40 60 48 29 
32: 34 7 31 61 37 59 62 72 
33: 20 35 98 54 63 57 
34: 91 31 59 1 11 86 
35: 49 58 18 78 45 22 88 95 61 
36: 10 65 22 75 87 16 37 43 18 
37: 35 22 59 12 38 65 97 84 13 
38: 35 45 61 64 79 70 7 
39: 94 93 11 85 9 71 38 
40: 79 73 85 11 15 72 
41: 98 90 20 43 58 2 79 73 
42: 69 19 24 92 25 82 79 80 
43: 21 83 64 91 13 17 38 87 94 
44: 59 91 6 12 2 
45: 4 31 23 73 82 
46: 52 59 64 58 99 33 
47: 91 70 48 77 32 27 29 68 
48: 63 82 87 43 74 
49: 29 10 21 1 11 72 86 65 
50: 15 42 83 88 43 54 21 6 95 39 
51: 50 85 47 83 57 52 68 84 
52: 6 67 73 45 29 86 91 
53: 23 61 58 37 69 99 55 38 86 
54: 13 90 78 4 37 84 31 93 70 
55: 23 51 45 27 19 
56: 5 70 36 93 60 29 
57: 65 66 69 51 83 
58: 5 19 91 60 11 
59: 29 21 34 12 28 69 
60: 22 38 82 71 68 93 88 56 16 87 
61: 4 67 28 17 100 72 
62: 2 56 67 8 85 61 
63: 16 62 76 94 84 29 10 19 
64: 51 30 84 92 63 91 26 
65: 49 17 90 84 80 86 38 3 
66: 27 57 78 75 91 53 92 13 
67: 100 86 41 52 14 
68: 49 43 2 67 99 25 60 38 94 
69: 79 84 26 75 78 71 
70: 36 1 9 5 54 
71: 29 53 84 9 24 
72: 73 57 97 69 6 17 4 
73: 98 38 41 14 65 10 71 
74: 27 100 98 25 12 89 41 90 66 79 
75: 100 15 21 66 49 56 
76: 56 57 59 79 44 
77: 14 73 67 3 42 15 87 30 66 81 
78: 60 56 93 12 22 
79: 62 63 23 39 84 
80: 3 56 60 51 12 25 
81: 41 31 10 45 1 12 64 
82: 51 33 100 53 70 65 
83: 66 69 55 60 36 24 79 2 33 1 
84: 46 29 100 72 25 74 23 67 87 39 
85: 51 84 45 41 17 59 23 
86: 83 5 59 37 77 24 63 33 88 23 
87: 88 17 8 27 28 61 90 99 
88: 84 33 52 27 45 15 71 76 51 
89: 79 57 20 41 85 4 23 33 59 100 
90: 29 88 21 83 33 37 86 
91: 43 44 30 55 1 
92: 38 50 47 98 78 69 24 
93: 64 94 61 52 43 15 68 24 
94: 86 29 27 38 82 
95: 33 58 48 43 74 47 30 56 67 50 
96: 68 75 65 77 39 21 64 90 54 50 
97: 14 44 86 74 18 60 58 51 93 80 
98: 72 16 41 51 73 77 33 
99: 97 6 17 75 63 48 69 91 
100: 85 13 20 19 72 86 58 12 80 73 
PAIRS
91 67
73 72
63 56
17 49
22 2
77 52
55 4
85 41
38 31
32 86
SOLUTIONS
[91, 43, 21, 23, 90, 29, 67]
[73, 98, 72]
[63, 16, 78, 60, 82, 51, 50, 15, 27, 76, 56]
[17, 96, 68, 49]
[22, 42, 69, 79, 62, 2]
[77, 14, 57, 65, 84, 46, 52]
[55, 45, 4]
[85, 41]
[38, 35, 58, 5, 81, 31]
[32, 34, 59, 12, 18, 9, 33, 20, 19, 94, 86]
