EDGES
1: 11 14 20 47 85 66 70 49 15 19 
2: 50 29 33 56 19 67 48 37 14 46 
3: 11 72 33 80 15 13 
4: 63 91 8 34 15 53 40 
5: 90 42 70 83 1 
6: 45 1 73 52 88 57 38 49 62 35 
7: 57 77 90 13 56 12 61 87 44 
8: 19 26 24 31 81 86 94 79 28 
9: 78 54 14 50 13 88 39 51 83 100 
10: 33 27 9 66 82 
11: 85 37 28 41 29 13 
12: 40 46 47 27 22 73 11 10 
13: 86 32 39 74 69 99 71 90 
14: 36 34 75 87 41 97 67 52 43 
15: 88 79 33 12 73 20 85 65 
16: 14 3 49 51 86 91 13 26 
17: 54 26 89 6 14 
18: 33 90 55 43 24 41 
19: 42 52 91 32 6 
20: 73 50 77 94 32 17 92 
21: 29 55 99 8 15 14 59 94 42 82 
22: 65 61 48 21 17 28 
23: 84 32 24 55 
24: 21 20 39 17 44 63 
25: 90 78 38 24 64 88 
26: 28 24 74 76 17 
27: 80 64 42 17 31 77 57 1 
28: 90 24 51 67 55 7 78 
29: 46 73 2 84 19 54 12 
30: 98 3 18 4 40 96 88 65 15 90 
31: 36 78 59 91 41 83 
32: 83 66 36 60 75 93 95 
33: 41 96 9 6 17 30 52 58 
34: 46 91 35 76 94 89 83 
35: 22 16 30 47 6 
36: 52 17 96 79 75 13 3 42 30 69 
37: 60 16 48 63 57 77 73 31 29 78 
38: 71 42 61 44 98 37 
39: 60 19 45 96 86 30 12 57 
40: 58 6 79 20 45 9 41 85 
41: 74 9 72 55 45 56 23 6 
42: 65 71 92 10 44 56 31 12 17 63 
43: 11 53 81 65 6 83 25 
44: 59 54 73 5 14 48 
45: 13 25 39 8 18 86 
46: 80 68 52 38 39 59 56 57 25 
47: 65 67 68 88 60 32 71 
48: 65 63 79 22 34 26 81 97 27 
49: 14 79 33 59 32 55 11 41 
50: 22 30 82 60 70 57 
51: 18 79 45 95 72 42 3 
52: 54 70 79 77 46 60 53 88 
53: 43 13 39 71 57 
54: 36 73 7 98 38 
55: 72 63 4 60 57 95 15 
56: 97 27 62 51 85 39 70 89 
57: 89 29 27 60 100 7 51 
58: 51 47 44 78 98 17 18 56 22 
59: 80 96 75 92 79 69 33 
60: 30 99 47 70 5 52 39 58 
61: 38 70 74 88 79 30 72 37 92 
62: 77 2 27 23 57 29 47 94 73 51 
63: 54 82 50 73 61 48 71 11 9 15 
64: 29 47 66 99 86 
65: 81 72 27 66 60 14 89 10 70 57 
66: 42 82 69 26 70 30 57 13 48 
67: 24 93 53 66 37 
68: 64 75 42 47 52 95 50 2 14 
69: 17 14 13 89 23 68 92 97 40 
70: 57 27 92 90 39 43 79 40 12 89 
71: 62 55 4 30 24 1 93 45 
72: 75 66 7 18 55 97 71 
73: 75 84 21 58 27 22 24 61 
74: 56 82 47 7 19 9 99 43 90 
75: 52 64 77 97 69 
76: 50 27 62 92 13 48 45 25 97 
77: 100 12 80 78 76 
78: 65 38 17 60 82 57 23 24 
79: 32 22 74 25 58 50 4 36 55 3 
80: 57 36 34 20 76 21 
81: 90 31 85 49 37 77 7 78 55 
82: 93 27 8 26 83 20 30 5 63 
83: 30 90 45 35 43 31 17 53 26 
84: 88 53 63 89 27 16 2 99 97 76 
85: 17 6 63 57 21 30 88 41 40 
86: 7 32 54 74 46 6 4 
87: 65 98 82 70 14 56 33 
88: 75 22 65 28 56 
89: 29 40 27 51 25 21 43 71 76 
90: 55 100 23 1 70 
91: 47 8 72 27 53 61 17 43 
92: 18 11 69 50 93 27 52 
93: 78 96 85 1 46 81 57 66 
94: 53 100 19 56 40 37 83 11 86 14 
95: 93 7 19 50 59 45 33 17 
96: 61 69 54 35 18 3 33 71 87 
97: 26 68 56 100 79 63 8 4 67 
98: 15 57 48 94 14 96 52 68 
99: 17 2 27 42 
100: 46 70 89 73 58 4 
PAIRS
26 58
41 93
1 35
82 62
69 20
6 50
9 87
43 61
73 42
59 47
