EDGES
1: 33
2: 16 97 67 34 77 37 40
3: 64 56
4: 12 89 59 26 38
5: 44 89 48
6: 50 39 78 74 96 85 55 64 65 19
7: 10 39 30 31 36 20 11 54 84 4
8: 40 11 30 33 20 68 31
9: 58 80 38 41 19 4 35 93 1
10: 47 66 43 61 56 9 41
11: 32 92 5
12: 23 24 61 17 67 62 22
13: 95 5 77
14: 57 35
15: 44 21 86 23 37
16: 7 56 75 31 12 26 44 99 15 41
17: 27 7 31 46 28 48 30 40
18: 76 51
19: 16 36 81 90
20: 39 67 93 25 50 31 17 3
21: 74
22: 23 50 70 49 7 69 24 12
23: 21 99 59 89 34 78 39 9 26
24: 85 6 60 31 41
25: 26 43
26: 55 67
27: 84 32 81 100
28: 75 37 20 39 11 1 80 51
29: 70 15 78 74 26 43
30: 4 27 85 91 83 81 68
31: 89 90 37
32: 1
33: 57 52 77 8 74 73 42
34: 14
35: 36 83 18 82 48 73 31 49 78
36: 13 14 18 69 54 60 34 43
37: 95 91 47 55 88 87 59 64 50
38: 80 85 17 66 21
39: 36
40: 97
41: 44 47
42: 31 90 83
43: 64 32 14 50 56 33 75
44: 99
45: 41 88 63 33 64 91 60 75 32
46: 99 98
47: 23 86 99 67 87 33 43
48: 2 83 39 49 27 80 10
49: 9 36 20 79 13
50: 73 30 37 99
51: 93 59 34 91
52: 5 12 64 80 45 18
53: 65 46
54: 44 94 1 4 61 35 73 47 98
55: 69 58 49 7 61 84 25
56: 89 45
57: 31 34
58: 2 39
59: 63 46
60: 90 94 21
61: 58
62: 35 73 37 3 66
63: 94 45 81 100
64: 61 79 60 93 53 8
65: 1 60 10 12 77 30 15
66: 33 30 67 69 60 73 46 29 89
67: 15
68: 81 84 94 40 77 4 100 85 90
69: 40 9 12
70: 88 91 3
71: 58 46
72: 19 12 82 6
73: 50
74: 89 36 48 25 65 50 47
75: 79 95 34 35 12 88 44 92 33 25
76: 68 32 50 95 6
77: 88
78: 65 24 85 99 5 56 7
79: 13 1 97 45 17 86 51
80: 81 30
81: 93 10 100 69 44 29 47
82: 27 18 44 31 95 65 25 39 80 24
83: 100 46 75
84: 87 89 86 57 29 90 76 50
85: 79 53 11 32 31 20 82
86: 75
87: 6 98 97 86 67 100 37
88: 100 11 64 86
89: 44 82
90: 66 56 93 58 75
91: 34 44 24 26 82 63 94 92
92: 18 53 51 64 11
93: 80 59 24 68 35 19 72 12 84 40
94: 20 10
95: 44 10 35 97 3 71 59 22
96: 46
97: 5 64 35 13 17 69 43
98: 2 30 26 22 84
99: 43 84 78 63 96 21 94
100: 89 35 32
PAIRS
20 36
70 100
1 33
13 43
38 80
14 89
68 59
77 64
91 35
11 2
SOLUTIONS
[20, 39, 36]
[70, 88, 100]
[1, 33]
[13, 95, 44, 99, 43]
[38, 80]
[14, 57, 31, 89]
[68, 81, 93, 59]
[77, 64]
[91, 34, 35]
[11, 32, 52, 5, 48, 2]
