EDGES
1: 21 10 94 14 78 96 
2: 24 20 61 98 25 84 34 41 15 75 
3: 4 61 79 83 20 
4: 78 26 11 57 20 
5: 66 95 20 19 47 48 44 98 4 
6: 53 87 54 56 52 25 88 37 
7: 81 99 70 10 39 21 75 29 51 
8: 12 72 31 46 49 25 
9: 27 70 86 94 28 8 23 74 83 56 
10: 19 59 76 85 45 71 24 95 57 
11: 92 27 53 52 47 
12: 93 38 4 67 5 37 79 9 69 
13: 80 62 76 78 56 58 67 14 33 
14: 42 78 81 39 28 75 
15: 75 26 95 71 98 19 7 91 76 
16: 67 58 34 90 63 
17: 71 6 34 79 18 
18: 74 39 15 13 42 51 
19: 90 40 14 63 58 92 7 100 
20: 89 36 32 79 95 14 66 48 
21: 77 74 28 18 70 76 
22: 36 19 68 7 73 
23: 18 41 88 61 46 
24: 93 86 76 73 42 8 29 
25: 78 54 40 93 56 38 
26: 54 22 49 98 59 97 6 44 71 95 
27: 30 74 42 59 6 
28: 75 22 71 66 10 53 4 23 
29: 58 53 92 65 57 
30: 49 65 83 54 46 29 20 2 
31: 81 62 47 45 80 17 69 
32: 57 49 29 51 85 6 61 54 93 
33: 19 10 95 77 13 
34: 3 8 69 86 93 54 61 64 72 
35: 69 34 52 3 79 94 
36: 31 78 2 77 51 49 
37: 12 34 83 74 35 14 86 16 50 72 
38: 70 28 50 37 11 31 
39: 27 12 5 51 37 44 24 
40: 19 10 73 88 87 85 
41: 3 68 72 94 24 64 5 96 83 85 
42: 18 78 37 45 67 31 85 
43: 98 34 44 71 97 
44: 30 53 50 19 100 
45: 10 37 13 62 1 
46: 97 100 99 36 13 71 63 15 8 
47: 88 17 61 43 13 49 51 76 8 
48: 81 12 70 100 67 75 29 10 
49: 65 12 59 84 37 
50: 79 73 56 55 13 
51: 100 29 52 63 74 76 87 70 90 67 
52: 81 91 66 39 68 16 92 26 97 
53: 26 59 27 51 54 97 92 73 
54: 90 65 25 69 2 58 56 77 
55: 77 82 25 87 32 40 
56: 47 84 45 2 38 59 
57: 12 38 28 59 75 46 68 60 
58: 82 48 97 90 22 12 45 43 
59: 16 39 48 49 54 
60: 79 1 85 67 75 42 59 82 
61: 31 52 85 68 58 
62: 37 66 51 30 
63: 69 73 99 2 18 91 34 98 
64: 27 89 24 14 65 59 94 
65: 30 52 95 72 16 29 34 76 
66: 65 22 76 5 44 91 14 
67: 36 17 58 7 80 40 4 26 
68: 34 17 78 46 97 3 
69: 25 56 99 15 66 62 20 10 42 
70: 71 68 39 95 73 41 65 63 45 
71: 50 4 42 30 31 
72: 95 31 70 73 92 80 13 96 90 
73: 48 8 64 56 80 20 
74: 58 13 77 84 57 82 
75: 43 6 4 9 85 80 
76: 41 72 70 7 48 5 37 
77: 12 78 1 5 2 64 98 38 70 
78: 14 2 79 97 36 
79: 84 6 82 88 20 32 
80: 32 53 72 44 9 46 91 19 27 
81: 54 46 63 73 58 75 
82: 6 100 16 2 19 21 73 
83: 60 32 14 4 51 93 80 68 
84: 72 64 34 39 4 43 52 73 96 
85: 37 29 50 35 33 48 86 63 51 
86: 42 60 5 50 97 31 81 16 64 
87: 82 25 12 43 15 21 
88: 50 75 25 87 49 42 72 54 74 
89: 54 26 21 84 69 
90: 98 62 34 99 60 
91: 55 6 71 35 74 
92: 86 32 26 56 33 37 20 
93: 2 40 47 38 96 85 48 17 
94: 56 26 31 64 3 91 39 100 57 
95: 64 55 50 73 48 72 
96: 68 34 87 65 56 28 
97: 45 46 5 2 83 23 52 51 27 65 
98: 100 89 79 3 84 
99: 88 8 55 42 67 
100: 23 52 83 70 90 4 
PAIRS
71 84
74 98
69 18
31 1
99 4
10 73
6 49
9 51
82 46
100 15
SOLUTIONS
[71, 50, 79, 84]
[74, 58, 48, 81, 54, 90, 98]
[69, 25, 78, 14, 42, 18]
[31, 62, 37, 12, 93, 2, 24, 86, 60, 1]
[99, 88, 75, 43, 34, 3, 4]
[10, 19, 40, 73]
[6, 53, 26, 22, 36, 77, 5, 66, 65, 30, 49]
[9, 27, 59, 16, 67, 17, 39, 51]
[82, 21, 28, 23, 41, 68, 46]
[100, 52, 91, 55, 87, 15]
