EDGES
0: 12 55 
1: 97 94 
2: 44 21 58 
3: 87 
4: 53 93 
5: 85 53 
6: 12 84 
7: 56 98 
8: 71 32 83 
9: 35 
10: 36 
11: 49 45 
12: 13 
13: 69 81 89 
14: 17 20 31 
15: 14 77 
16: 80 
17: 22 
18: 56 39 30 
19: 65 58 68 
20: 80 
21: 56 
22: 57 45 60 
23: 52 56 
24: 38 7 
25: 40 79 
26: 82 40 
27: 58 61 98 
28: 11 47 
29: 67 
30: 7 71 
31: 66 3 85 
32: 66 34 98 
33: 38 
34: 29 41 
35: 97 51 83 
36: 94 17 
37: 17 1 13 
38: 50 
39: 90 83 
40: 65 99 
41: 15 6 
42: 74 3 4 
43: 13 2 
44: 96 
45: 58 21 
46: 75 37 4 
47: 6 19 
48: 43 
49: 7 
50: 7 72 60 
51: 21 39 67 
52: 51 
53: 13 
54: 47 
55: 20 
56: 29 
57: 84 
58: 77 
59: 2 61 20 
60: 10 87 92 
61: 86 
62: 16 94 33 
63: 98 
64: 7 98 
65: 97 14 39 
66: 21 
67: 24 63 
68: 59 27 75 
69: 71 10 
70: 90 7 
71: 59 31 43 
72: 57 78 45 
73: 47 95 94 
74: 43 12 16 
75: 49 0 
76: 3 59 75 
77: 60 16 81 
78: 97 
79: 30 
80: 91 89 
81: 95 77 14 
82: 25 22 
83: 84 58 
84: 92 56 62 
85: 81 83 5 
86: 46 8 44 
87: 81 43 
88: 90 
89: 53 
90: 86 
91: 89 
92: 12 
93: 50 66 2 
94: 26 
95: 94 
96: 1 
97: 67 58 
98: 92 67 93 
99: 25 60 84 
PAIRS
95 40
90 86
47 12
99 7
13 69
26 67
71 44
23 52
56 29
82 92
SOLUTIONS
[95, 94, 40]
[90, 86]
[47, 6, 12]
[99, 25, 79, 30, 7]
[13, 69]
[26, 65, 97, 67]
[71, 59, 2, 44]
[23, 52]
[56, 29]
[82, 22, 57, 84, 92]
