EDGES
0: 13 
1: 32 30 
2: 3 
3: 75 
4: 8 17 95 
5: 59 72 
6: 56 
7: 23 
8: 69 38 50 
9: 28 
10: 39 60 
11: 35 41 5 
12: 44 
13: 50 78 57 
14: 5 79 41 
15: 64 
16: 18 
17: 98 37 
18: 92 27 76 
19: 67 75 
20: 51 11 
21: 99 19 0 
22: 5 7 
23: 94 38 
24: 86 93 78 
25: 88 
26: 72 11 96 
27: 1 28 18 
28: 67 
29: 24 48 66 
30: 93 
31: 74 97 39 
32: 21 96 45 
33: 70 87 
34: 77 64 74 
35: 80 
36: 6 78 53 
37: 22 10 82 
38: 50 53 
39: 11 
40: 36 67 66 
41: 4 31 80 
42: 20 40 27 
43: 1 
44: 43 
45: 67 44 
46: 33 
47: 54 84 
48: 32 
49: 46 14 24 
50: 61 19 85 
51: 79 64 0 
52: 99 67 
53: 77 8 
54: 42 28 
55: 43 25 67 
56: 97 4 
57: 27 22 19 
58: 7 25 
59: 1 29 56 
60: 82 
61: 47 30 
62: 36 
63: 9 
64: 50 
65: 94 91 
66: 25 
67: 72 
68: 21 8 
69: 62 38 
70: 25 37 
71: 31 48 2 
72: 86 36 
73: 96 82 
74: 4 8 
75: 92 
76: 60 82 
77: 72 79 
78: 6 44 38 
79: 39 
80: 95 29 38 
81: 82 54 
82: 43 
83: 59 6 40 
84: 51 27 
85: 4 
86: 59 3 
87: 26 37 52 
88: 6 5 55 
89: 80 
90: 75 
91: 90 73 51 
92: 25 
93: 88 87 
94: 8 17 41 
95: 10 
96: 16 
97: 59 19 13 
98: 14 26 45 
99: 36 46 18 
PAIRS
54 42
27 32
80 10
20 35
77 59
16 25
55 67
0 61
85 8
43 93
SOLUTIONS
[54, 42]
[27, 1, 32]
[80, 95, 10]
[20, 51, 79, 39, 11, 35]
[77, 72, 86, 59]
[16, 18, 92, 25]
[55, 67]
[0, 13, 50, 61]
[85, 4, 8]
[43, 30, 93]
