EDGES
0: 75 
1: 11 
2: 76 99 
3: 48 
4: 49 48 
5: 41 24 0 
6: 37 17 
7: 5 
8: 95 4 
9: 35 
10: 43 36 
11: 69 
12: 63 47 
13: 6 98 
14: 48 
15: 64 43 31 
16: 26 7 
17: 6 77 
18: 97 80 
19: 58 34 
20: 85 
21: 37 2 96 
22: 25 16 
23: 18 7 83 
24: 59 5 46 
25: 49 77 
26: 53 93 
27: 6 29 
28: 19 38 4 
29: 41 93 
30: 42 
31: 8 
32: 4 67 22 
33: 40 5 
34: 90 
35: 62 28 34 
36: 39 29 82 
37: 13 81 
38: 6 33 
39: 1 16 
40: 41 
41: 21 15 
42: 45 
43: 67 64 
44: 69 68 
45: 75 27 34 
46: 77 18 0 
47: 75 30 
48: 19 93 25 
49: 13 7 82 
50: 42 26 
51: 79 99 4 
52: 77 39 84 
53: 83 40 38 
54: 33 84 29 
55: 7 
56: 55 3 
57: 47 73 10 
58: 97 
59: 86 20 
60: 51 
61: 3 
62: 63 70 
63: 44 
64: 3 38 
65: 13 86 18 
66: 57 37 
67: 99 83 
68: 94 31 
69: 56 35 
70: 98 
71: 24 
72: 9 83 
73: 30 80 60 
74: 35 85 73 
75: 93 
76: 38 
77: 69 55 
78: 4 
79: 12 50 15 
80: 77 
81: 86 
82: 8 
83: 8 
84: 99 57 2 
85: 39 
86: 19 65 3 
87: 78 
88: 73 21 68 
89: 5 50 
90: 54 
91: 70 
92: 64 
93: 49 99 
94: 44 
95: 80 56 4 
96: 57 
97: 77 79 
98: 74 91 
99: 51 96 
PAIRS
74 35
12 69
22 6
24 59
79 42
16 8
48 54
64 51
14 41
58 15
SOLUTIONS
[74, 35]
[12, 63, 44, 69]
[22, 25, 49, 13, 6]
[24, 59]
[79, 50, 42]
[16, 26, 53, 83, 8]
[48, 19, 34, 90, 54]
[64, 3, 93, 99, 51]
[14, 77, 55, 7, 5, 41]
[58, 97, 15]
