EDGES
1: 85 15
2: 92 54
3: 36
4: 2 22 31
5: 95 73 58
6: 11
7: 63 16
8: 84 33 94
9: 83 4
10: 59 94 75
11: 36 8
12: 84 62
13: 57
14: 56 46 13
15: 2 55 13
16: 35 21 41
17: 77 39
18: 45 34 19
19: 65 71 28
20: 21 51
21: 67 97
22: 92 15
23: 83 32 48
24: 91 33 75
25: 34
26: 25
27: 89
28: 67 32 47
29: 5 25 94
30: 32
31: 46
32: 71 69 31
33: 36
34: 9 7 57
35: 85 12 97
36: 12
37: 47 44
38: 77 45 1
39: 10 83 28
40: 44 47
41: 92 7 38
42: 43
43: 39
44: 72
45: 18 86 68
46: 5 93 35
47: 99
48: 68 32 24
49: 88
50: 67 28
51: 30 16
52: 92
53: 85 82 34
54: 91
55: 12
56: 76
57: 97
58: 53 74
59: 3 62
60: 51 22
61: 98 37 78
62: 58 71
63: 21 82 66
64: 55
65: 44
66: 80 96
67: 90 51
68: 9 26 65
69: 42 40
70: 63 59 43
71: 27
72: 80 20
73: 76 51
74: 16 44
75: 67
76: 59
77: 9 80
78: 71
79: 58 47 1
80: 22
81: 79
82: 94 91 55
83: 19
84: 99
85: 78 64 17
86: 74 75 84
87: 29
88: 96
89: 61 41
90: 32 56
91: 66 26 28
92: 80
93: 71
94: 47
95: 92 11
96: 97 89
97: 6 21 13
98: 5 67 36
99: 71 76
100: 68 65
PAIRS
42 10
6 36
53 89
26 83
15 22
37 3
41 63
71 98
35 84
96 32
SOLUTIONS
[42, 43, 39, 10]
[6, 11, 36]
[53, 85, 78, 27, 89]
[26, 25, 34, 9, 83]
[15, 2, 92, 80, 22]
[37, 47, 99, 76, 59, 3]
[41, 7, 63]
[71, 61, 98]
[35, 12, 84]
[96, 97, 21, 67, 90, 32]
