EDGES
1: 82 16 26
2: 74 60 9
3: 62
4: 60
5: 30 38 71
6: 26 89
7: 60 28
8: 62
9: 80 36
10: 55
11: 27
12: 14 44 15
13: 74
14: 57 25 44
15: 55 22 57
16: 12 91
17: 11 60
18: 83 65 70
19: 62 25
20: 52 59 75
21: 60 31 41
22: 98 75 69
23: 57 71 93
24: 33
25: 57 68 73
26: 73 88
27: 84
28: 75 62 39
29: 48 63 60
30: 58
31: 46
32: 85 6 98
33: 19 82 76
34: 85 63
35: 69
36: 72 14
37: 89
38: 45 68 56
39: 53
40: 58 54
41: 53 69
42: 64
43: 39 55 64
44: 61 77
45: 86 2 18
46: 65 26
47: 81
48: 79 21
49: 94 43
50: 88 17
51: 92 5 17
52: 30 69
53: 
54: 90 7
55: 48 52 96
56: 18
57: 79 78
58: 16 87
59: 6
60: 73 11 15
61: 71
62: 65 99
63: 95
64: 71 63
65: 94 45 36
66: 71 39 79
67: 10
68: 81 2 71
69: 43 38 93
70: 71 11
71: 4
72: 93 87 60
73: 24
74: 80 45 24
75: 7 22
76: 26 75
77: 88 49 22
78: 40
79: 63 28 99
80: 
81: 26 34
82: 13
83: 44 20 88
84: 8 21 79
85: 73 60
86: 74 16 41
87: 60 18 57
88: 82
89: 30 4
90: 26 40 84
91: 98
92: 33 14
93: 28 52 69
94: 25 98 5
95: 63 23 66
96: 43 46
97: 19 22 55
98: 88
99: 56
100: 81 9
PAIRS
14 79
24 19
80 94
92 26
70 4
85 74
12 27
20 52
93 75
30 91
SOLUTIONS
[14, 57, 79]
[24, 33, 19]
[80, 62, 65, 94]
[92, 25, 68, 81, 26]
[70, 71, 4]
[85, 73, 82, 13, 74]
[12, 44, 61, 60, 11, 27]
[20, 52]
[93, 28, 75]
[30, 58, 16, 91]
